DEBUG:root:
Tdidf: 
[[0.09722436 0.13664544 0.13664544 0.13664544 0.09722436 0.
  0.09722436 0.         0.         0.         0.27329088 0.13664544
  0.         0.         0.13664544 0.13664544 0.         0.13664544
  0.         0.09722436 0.         0.13664544 0.13664544 0.
  0.09722436 0.13664544 0.13664544 0.         0.13664544 0.
  0.         0.         0.13664544 0.13664544 0.         0.13664544
  0.         0.13664544 0.         0.         0.27329088 0.13664544
  0.         0.13664544 0.13664544 0.         0.13664544 0.13664544
  0.13664544 0.13664544 0.         0.13664544 0.         0.
  0.         0.         0.         0.13664544 0.13664544 0.
  0.         0.13664544 0.13664544 0.09722436 0.09722436 0.
  0.13664544 0.         0.         0.         0.13664544 0.
  0.13664544 0.         0.         0.13664544 0.13664544 0.13664544
  0.13664544 0.09722436 0.09722436 0.         0.13664544 0.13664544
  0.13664544 0.13664544 0.         0.13664544 0.         0.
  0.13664544]
 [0.10780899 0.         0.         0.         0.10780899 0.15152177
  0.10780899 0.15152177 0.15152177 0.15152177 0.         0.
  0.15152177 0.15152177 0.         0.         0.15152177 0.
  0.15152177 0.10780899 0.15152177 0.         0.         0.15152177
  0.10780899 0.         0.         0.15152177 0.         0.15152177
  0.15152177 0.15152177 0.         0.         0.15152177 0.
  0.15152177 0.         0.15152177 0.15152177 0.         0.
  0.15152177 0.         0.         0.15152177 0.         0.
  0.         0.         0.15152177 0.         0.15152177 0.15152177
  0.15152177 0.15152177 0.15152177 0.         0.         0.15152177
  0.15152177 0.         0.         0.10780899 0.10780899 0.15152177
  0.         0.15152177 0.15152177 0.15152177 0.         0.15152177
  0.         0.15152177 0.15152177 0.         0.         0.
  0.         0.10780899 0.10780899 0.15152177 0.         0.
  0.         0.         0.15152177 0.         0.15152177 0.15152177
  0.        ]]
DEBUG:root:
Sims: 
[[1.         0.09433493]
 [0.09433493 1.        ]]
DEBUG:root:
Rank: 
[0, 1]
DEBUG:root:
Tdidf_transform:--------- 
[[0.09722436 0.13664544 0.13664544 0.13664544 0.09722436 0.
  0.09722436 0.         0.         0.         0.27329088 0.13664544
  0.         0.         0.13664544 0.13664544 0.         0.13664544
  0.         0.09722436 0.         0.13664544 0.13664544 0.
  0.09722436 0.13664544 0.13664544 0.         0.13664544 0.
  0.         0.         0.13664544 0.13664544 0.         0.13664544
  0.         0.13664544 0.         0.         0.27329088 0.13664544
  0.         0.13664544 0.13664544 0.         0.13664544 0.13664544
  0.13664544 0.13664544 0.         0.13664544 0.         0.
  0.         0.         0.         0.13664544 0.13664544 0.
  0.         0.13664544 0.13664544 0.09722436 0.09722436 0.
  0.13664544 0.         0.         0.         0.13664544 0.
  0.13664544 0.         0.         0.13664544 0.13664544 0.13664544
  0.13664544 0.09722436 0.09722436 0.         0.13664544 0.13664544
  0.13664544 0.13664544 0.         0.13664544 0.         0.
  0.13664544]
 [0.10780899 0.         0.         0.         0.10780899 0.15152177
  0.10780899 0.15152177 0.15152177 0.15152177 0.         0.
  0.15152177 0.15152177 0.         0.         0.15152177 0.
  0.15152177 0.10780899 0.15152177 0.         0.         0.15152177
  0.10780899 0.         0.         0.15152177 0.         0.15152177
  0.15152177 0.15152177 0.         0.         0.15152177 0.
  0.15152177 0.         0.15152177 0.15152177 0.         0.
  0.15152177 0.         0.         0.15152177 0.         0.
  0.         0.         0.15152177 0.         0.15152177 0.15152177
  0.15152177 0.15152177 0.15152177 0.         0.         0.15152177
  0.15152177 0.         0.         0.10780899 0.10780899 0.15152177
  0.         0.15152177 0.15152177 0.15152177 0.         0.15152177
  0.         0.15152177 0.15152177 0.         0.         0.
  0.         0.10780899 0.10780899 0.15152177 0.         0.
  0.         0.         0.15152177 0.         0.15152177 0.15152177
  0.        ]]
DEBUG:root:
Sims: 
[[1.         0.09433493]
 [0.09433493 1.        ]]
DEBUG:root:
Rank: 
[0, 1]
DEBUG:root:
Tdidf: 
[[0.12601283 0.12601283 0.12601283 0.12601283 0.12601283 0.12601283
  0.12601283 0.12601283 0.12601283 0.12601283 0.12601283 0.12601283
  0.12601283 0.17710664 0.         0.12601283 0.12601283 0.12601283
  0.12601283 0.12601283 0.12601283 0.12601283 0.12601283 0.12601283
  0.12601283 0.12601283 0.12601283 0.12601283 0.12601283 0.12601283
  0.12601283 0.12601283 0.12601283 0.12601283 0.12601283 0.12601283
  0.12601283 0.12601283 0.12601283 0.12601283 0.12601283 0.12601283
  0.12601283 0.12601283 0.12601283 0.12601283 0.12601283 0.12601283
  0.12601283 0.12601283 0.12601283 0.12601283 0.12601283 0.12601283
  0.12601283 0.12601283 0.12601283 0.12601283 0.12601283 0.12601283
  0.12601283 0.12601283 0.12601283]
 [0.12601283 0.12601283 0.12601283 0.12601283 0.12601283 0.12601283
  0.12601283 0.12601283 0.12601283 0.12601283 0.12601283 0.12601283
  0.12601283 0.         0.17710664 0.12601283 0.12601283 0.12601283
  0.12601283 0.12601283 0.12601283 0.12601283 0.12601283 0.12601283
  0.12601283 0.12601283 0.12601283 0.12601283 0.12601283 0.12601283
  0.12601283 0.12601283 0.12601283 0.12601283 0.12601283 0.12601283
  0.12601283 0.12601283 0.12601283 0.12601283 0.12601283 0.12601283
  0.12601283 0.12601283 0.12601283 0.12601283 0.12601283 0.12601283
  0.12601283 0.12601283 0.12601283 0.12601283 0.12601283 0.12601283
  0.12601283 0.12601283 0.12601283 0.12601283 0.12601283 0.12601283
  0.12601283 0.12601283 0.12601283]]
DEBUG:root:
Sims: 
[[1.         0.96863324]
 [0.96863324 1.        ]]
DEBUG:root:
Rank: 
[0, 1]
DEBUG:root:
Tdidf_transform:--------- 
[[0.12601283 0.12601283 0.12601283 0.12601283 0.12601283 0.12601283
  0.12601283 0.12601283 0.12601283 0.12601283 0.12601283 0.12601283
  0.12601283 0.17710664 0.         0.12601283 0.12601283 0.12601283
  0.12601283 0.12601283 0.12601283 0.12601283 0.12601283 0.12601283
  0.12601283 0.12601283 0.12601283 0.12601283 0.12601283 0.12601283
  0.12601283 0.12601283 0.12601283 0.12601283 0.12601283 0.12601283
  0.12601283 0.12601283 0.12601283 0.12601283 0.12601283 0.12601283
  0.12601283 0.12601283 0.12601283 0.12601283 0.12601283 0.12601283
  0.12601283 0.12601283 0.12601283 0.12601283 0.12601283 0.12601283
  0.12601283 0.12601283 0.12601283 0.12601283 0.12601283 0.12601283
  0.12601283 0.12601283 0.12601283]
 [0.12601283 0.12601283 0.12601283 0.12601283 0.12601283 0.12601283
  0.12601283 0.12601283 0.12601283 0.12601283 0.12601283 0.12601283
  0.12601283 0.         0.17710664 0.12601283 0.12601283 0.12601283
  0.12601283 0.12601283 0.12601283 0.12601283 0.12601283 0.12601283
  0.12601283 0.12601283 0.12601283 0.12601283 0.12601283 0.12601283
  0.12601283 0.12601283 0.12601283 0.12601283 0.12601283 0.12601283
  0.12601283 0.12601283 0.12601283 0.12601283 0.12601283 0.12601283
  0.12601283 0.12601283 0.12601283 0.12601283 0.12601283 0.12601283
  0.12601283 0.12601283 0.12601283 0.12601283 0.12601283 0.12601283
  0.12601283 0.12601283 0.12601283 0.12601283 0.12601283 0.12601283
  0.12601283 0.12601283 0.12601283]]
DEBUG:root:
Sims: 
[[1.         0.96863324]
 [0.96863324 1.        ]]
DEBUG:root:
Rank: 
[0, 1]
