DEBUG:root:
Tdidf: 
[[0.08812548 0.02937516 0.02937516 0.02937516 0.         0.35250192
  0.02937516 0.         0.35250192 0.02937516 0.02937516 0.02937516
  0.         0.04180134 0.02937516 0.02937516 0.02937516 0.
  0.18810602 0.12540401 0.02937516 0.02937516 0.         0.
  0.05875032 0.         0.02937516 0.         0.02937516 0.
  0.         0.         0.05875032 0.02937516 0.02937516 0.04180134
  0.02937516 0.05875032 0.         0.         0.05875032 0.
  0.         0.02937516 0.05875032 0.         0.02937516 0.16720535
  0.12540401 0.31351003 0.02937516 0.02937516 0.         0.
  0.02937516 0.05875032 0.         0.         0.         0.12540401
  0.02937516 0.         0.02937516 0.         0.         0.02937516
  0.02937516 0.02937516 0.         0.14630468 0.         0.02090067
  0.02937516 0.05875032 0.         0.         0.         0.02937516
  0.         0.         0.         0.05875032 0.         0.02937516
  0.         0.02937516 0.         0.1468758  0.02937516 0.02937516
  0.05875032 0.         0.02937516 0.         0.         0.08812548
  0.02937516 0.02937516 0.02937516 0.08812548 0.02937516 0.02937516
  0.02937516 0.06270201 0.         0.02937516 0.02937516 0.
  0.02937516 0.02937516 0.02937516 0.02937516 0.         0.02937516
  0.         0.02937516 0.02937516 0.02937516 0.08812548 0.
  0.         0.02090067 0.1468758  0.02937516 0.05875032 0.02937516
  0.02937516 0.05875032 0.05875032 0.25080802 0.11750064 0.02937516
  0.02937516 0.         0.02937516 0.         0.         0.
  0.         0.         0.02937516 0.02937516 0.02937516 0.12540401
  0.         0.05875032 0.02937516 0.02937516 0.         0.
  0.02937516 0.02937516 0.         0.02937516 0.         0.
  0.02937516 0.         0.02937516 0.         0.02937516 0.
  0.         0.02937516 0.         0.05875032 0.08812548 0.04180134
  0.02937516 0.1468758  0.02937516 0.04180134 0.02937516 0.02090067
  0.02937516 0.02937516 0.02937516 0.         0.02937516 0.
  0.         0.02937516 0.02937516 0.02090067 0.08812548 0.
  0.08812548 0.         0.         0.02937516 0.02937516 0.
  0.02937516 0.02090067 0.05875032 0.20562612 0.05875032 0.08812548
  0.02937516 0.         0.02937516 0.         0.         0.05875032
  0.         0.         0.02937516 0.02937516 0.02937516 0.02937516
  0.05875032 0.02937516 0.02937516 0.05875032 0.         0.
  0.02937516 0.02937516 0.         0.         0.         0.02937516
  0.02937516 0.02937516 0.05875032 0.         0.         0.02090067
  0.         0.         0.11750064 0.02937516 0.         0.
  0.         0.         0.         0.08812548 0.         0.08812548
  0.02090067 0.         0.02090067 0.02937516 0.02937516 0.02937516
  0.         0.         0.02090067 0.02937516 0.05875032 0.
  0.02937516 0.02937516 0.02937516 0.08812548 0.02937516 0.04180134
  0.02937516 0.         0.02090067 0.05875032 0.12540401 0.02937516
  0.         0.         0.         0.02937516 0.02937516 0.02937516
  0.1468758 ]
 [0.         0.         0.         0.         0.03966152 0.
  0.         0.03966152 0.         0.         0.         0.
  0.03966152 0.01410975 0.         0.         0.         0.03966152
  0.1410975  0.12698775 0.         0.         0.03966152 0.03966152
  0.         0.03966152 0.         0.03966152 0.         0.01983076
  0.07932304 0.07932304 0.         0.         0.         0.0282195
  0.         0.         0.03966152 0.27763065 0.         0.21813837
  0.03966152 0.         0.         0.03966152 0.         0.15520725
  0.1410975  0.31041449 0.         0.         0.03966152 0.07932304
  0.         0.         0.11898456 0.03966152 0.03966152 0.0846585
  0.         0.03966152 0.         0.03966152 0.03966152 0.
  0.         0.         0.03966152 0.33863399 0.03966152 0.0282195
  0.         0.         0.03966152 0.03966152 0.03966152 0.
  0.03966152 0.03966152 0.15864609 0.         0.03966152 0.
  0.03966152 0.         0.07932304 0.         0.         0.
  0.         0.03966152 0.         0.03966152 0.03966152 0.
  0.         0.         0.         0.         0.         0.
  0.         0.0282195  0.03966152 0.         0.         0.03966152
  0.         0.         0.         0.         0.03966152 0.
  0.03966152 0.         0.         0.         0.         0.07932304
  0.03966152 0.0282195  0.         0.         0.         0.
  0.         0.         0.         0.25397549 0.         0.
  0.         0.03966152 0.         0.07932304 0.07932304 0.03966152
  0.07932304 0.03966152 0.         0.         0.         0.28219499
  0.03966152 0.         0.         0.         0.03966152 0.03966152
  0.         0.         0.03966152 0.         0.03966152 0.03966152
  0.         0.03966152 0.         0.03966152 0.         0.01983076
  0.15864609 0.         0.03966152 0.         0.         0.0282195
  0.         0.         0.         0.1410975  0.         0.0282195
  0.         0.         0.         0.07932304 0.         0.01983076
  0.03966152 0.         0.         0.0282195  0.         0.03966152
  0.         0.03966152 0.03966152 0.         0.         0.03966152
  0.         0.0282195  0.         0.         0.         0.
  0.         0.07932304 0.         0.07932304 0.03966152 0.
  0.03966152 0.03966152 0.         0.         0.         0.
  0.         0.         0.         0.         0.03966152 0.03966152
  0.         0.         0.03966152 0.03966152 0.07932304 0.
  0.         0.         0.         0.03966152 0.03966152 0.0282195
  0.03966152 0.03966152 0.         0.         0.03966152 0.03966152
  0.03966152 0.03966152 0.03966152 0.         0.01983076 0.
  0.0282195  0.07932304 0.0282195  0.         0.         0.
  0.07932304 0.27763065 0.0282195  0.         0.         0.07932304
  0.         0.         0.         0.         0.         0.056439
  0.         0.03966152 0.0846585  0.         0.1975365  0.
  0.07932304 0.03966152 0.03966152 0.         0.         0.
  0.        ]]
DEBUG:root:
Sims: 
[[1.        0.3875028]
 [0.3875028 1.       ]]
DEBUG:root:
Rank: 
[0, 1]
DEBUG:root:
Tdidf_transform:--------- 
[[0.08812548 0.02937516 0.02937516 0.02937516 0.         0.35250192
  0.02937516 0.         0.35250192 0.02937516 0.02937516 0.02937516
  0.         0.04180134 0.02937516 0.02937516 0.02937516 0.
  0.18810602 0.12540401 0.02937516 0.02937516 0.         0.
  0.05875032 0.         0.02937516 0.         0.02937516 0.
  0.         0.         0.05875032 0.02937516 0.02937516 0.04180134
  0.02937516 0.05875032 0.         0.         0.05875032 0.
  0.         0.02937516 0.05875032 0.         0.02937516 0.16720535
  0.12540401 0.31351003 0.02937516 0.02937516 0.         0.
  0.02937516 0.05875032 0.         0.         0.         0.12540401
  0.02937516 0.         0.02937516 0.         0.         0.02937516
  0.02937516 0.02937516 0.         0.14630468 0.         0.02090067
  0.02937516 0.05875032 0.         0.         0.         0.02937516
  0.         0.         0.         0.05875032 0.         0.02937516
  0.         0.02937516 0.         0.1468758  0.02937516 0.02937516
  0.05875032 0.         0.02937516 0.         0.         0.08812548
  0.02937516 0.02937516 0.02937516 0.08812548 0.02937516 0.02937516
  0.02937516 0.06270201 0.         0.02937516 0.02937516 0.
  0.02937516 0.02937516 0.02937516 0.02937516 0.         0.02937516
  0.         0.02937516 0.02937516 0.02937516 0.08812548 0.
  0.         0.02090067 0.1468758  0.02937516 0.05875032 0.02937516
  0.02937516 0.05875032 0.05875032 0.25080802 0.11750064 0.02937516
  0.02937516 0.         0.02937516 0.         0.         0.
  0.         0.         0.02937516 0.02937516 0.02937516 0.12540401
  0.         0.05875032 0.02937516 0.02937516 0.         0.
  0.02937516 0.02937516 0.         0.02937516 0.         0.
  0.02937516 0.         0.02937516 0.         0.02937516 0.
  0.         0.02937516 0.         0.05875032 0.08812548 0.04180134
  0.02937516 0.1468758  0.02937516 0.04180134 0.02937516 0.02090067
  0.02937516 0.02937516 0.02937516 0.         0.02937516 0.
  0.         0.02937516 0.02937516 0.02090067 0.08812548 0.
  0.08812548 0.         0.         0.02937516 0.02937516 0.
  0.02937516 0.02090067 0.05875032 0.20562612 0.05875032 0.08812548
  0.02937516 0.         0.02937516 0.         0.         0.05875032
  0.         0.         0.02937516 0.02937516 0.02937516 0.02937516
  0.05875032 0.02937516 0.02937516 0.05875032 0.         0.
  0.02937516 0.02937516 0.         0.         0.         0.02937516
  0.02937516 0.02937516 0.05875032 0.         0.         0.02090067
  0.         0.         0.11750064 0.02937516 0.         0.
  0.         0.         0.         0.08812548 0.         0.08812548
  0.02090067 0.         0.02090067 0.02937516 0.02937516 0.02937516
  0.         0.         0.02090067 0.02937516 0.05875032 0.
  0.02937516 0.02937516 0.02937516 0.08812548 0.02937516 0.04180134
  0.02937516 0.         0.02090067 0.05875032 0.12540401 0.02937516
  0.         0.         0.         0.02937516 0.02937516 0.02937516
  0.1468758 ]
 [0.         0.         0.         0.         0.03966152 0.
  0.         0.03966152 0.         0.         0.         0.
  0.03966152 0.01410975 0.         0.         0.         0.03966152
  0.1410975  0.12698775 0.         0.         0.03966152 0.03966152
  0.         0.03966152 0.         0.03966152 0.         0.01983076
  0.07932304 0.07932304 0.         0.         0.         0.0282195
  0.         0.         0.03966152 0.27763065 0.         0.21813837
  0.03966152 0.         0.         0.03966152 0.         0.15520725
  0.1410975  0.31041449 0.         0.         0.03966152 0.07932304
  0.         0.         0.11898456 0.03966152 0.03966152 0.0846585
  0.         0.03966152 0.         0.03966152 0.03966152 0.
  0.         0.         0.03966152 0.33863399 0.03966152 0.0282195
  0.         0.         0.03966152 0.03966152 0.03966152 0.
  0.03966152 0.03966152 0.15864609 0.         0.03966152 0.
  0.03966152 0.         0.07932304 0.         0.         0.
  0.         0.03966152 0.         0.03966152 0.03966152 0.
  0.         0.         0.         0.         0.         0.
  0.         0.0282195  0.03966152 0.         0.         0.03966152
  0.         0.         0.         0.         0.03966152 0.
  0.03966152 0.         0.         0.         0.         0.07932304
  0.03966152 0.0282195  0.         0.         0.         0.
  0.         0.         0.         0.25397549 0.         0.
  0.         0.03966152 0.         0.07932304 0.07932304 0.03966152
  0.07932304 0.03966152 0.         0.         0.         0.28219499
  0.03966152 0.         0.         0.         0.03966152 0.03966152
  0.         0.         0.03966152 0.         0.03966152 0.03966152
  0.         0.03966152 0.         0.03966152 0.         0.01983076
  0.15864609 0.         0.03966152 0.         0.         0.0282195
  0.         0.         0.         0.1410975  0.         0.0282195
  0.         0.         0.         0.07932304 0.         0.01983076
  0.03966152 0.         0.         0.0282195  0.         0.03966152
  0.         0.03966152 0.03966152 0.         0.         0.03966152
  0.         0.0282195  0.         0.         0.         0.
  0.         0.07932304 0.         0.07932304 0.03966152 0.
  0.03966152 0.03966152 0.         0.         0.         0.
  0.         0.         0.         0.         0.03966152 0.03966152
  0.         0.         0.03966152 0.03966152 0.07932304 0.
  0.         0.         0.         0.03966152 0.03966152 0.0282195
  0.03966152 0.03966152 0.         0.         0.03966152 0.03966152
  0.03966152 0.03966152 0.03966152 0.         0.01983076 0.
  0.0282195  0.07932304 0.0282195  0.         0.         0.
  0.07932304 0.27763065 0.0282195  0.         0.         0.07932304
  0.         0.         0.         0.         0.         0.056439
  0.         0.03966152 0.0846585  0.         0.1975365  0.
  0.07932304 0.03966152 0.03966152 0.         0.         0.
  0.        ]]
DEBUG:root:
Sims: 
[[1.        0.3875028]
 [0.3875028 1.       ]]
DEBUG:root:
Rank: 
[0, 1]
